8495 1
9818 1
9097 1
9087 1
9081 1
8203 1
8202 1
7934 1
6470 1
8201 1
5906 1
8286 1
8237 1
7375 1
7933 1
7932 1
7897 1
7867 1
7742 1
5685 1
7976 1
7394 1
7283 1
6046 1
7604 1
7117 1
7107 1
7106 1
7086 1
7072 1
5925 1
7176 1
6652 1
7184 1
7160 1
7070 1
6784 1
6788 1
7002 1
6890 1
6928 1
6584 1
6861 1
6837 1
6635 1
6603 1
6466 1
6489 1
6573 1
6598 1
6510 1
6558 1
6533 1
6334 1
6328 1
6247 1
5718 1
6269 1
5826 1
6246 1
6169 1
6093 1
6064 1
6042 1
5827 1
5760 1
5655 1
5269 1
10749 1
9139 2
8963 5
8815 5
8810 5
8843 5
7974 5
8205 5
8352 5
7396 5
6883 5
6774 5
7224 5
7095 5
6887 5
6733 5
6704 5
6687 5
6600 5
6008 5
5894 5
5757 5
5719 5
5650 5
5487 5
37 5
6519 6
6109 8
5817 8
9622 9
8243 9
7088 9
7087 9
6059 9
9952 10
9458 10
8913 10
8826 10
8740 10
8692 10
8581 10
7997 10
8108 10
7341 10
7403 10
7089 10
7056 10
6990 10
6856 10
6560 10
6545 10
6249 10
6209 10
5756 10
6052 10
5657 10
9962 15
8767 15
8448 15
8552 20
7656 20
7655 20
7226 20
7131 20
5720 20
5919 20
5658 20
5791 29
8217 30
7837 30
7084 30
6070 30
5879 30
7055 40
8259 49
5707 49
7851 50
8434 88
8238 88
8077 88
7177 88
6860 88
6602 88
6471 88
9575 90
9582 90
9933 90
9096 99
8156 99
8455 99
8130 99
7883 99
7989 99
7092 99
6661 99
6525 99
6559 99
6793 99
6723 99
6663 99
6534 99
6432 99
6386 99
6427 99
6097 99
6104 99
5659 99
7121 100
7264 100
7163 100
7029 100
6968 100
6960 100
6502 100
5737 100
5924 100
5585 100
5660 100
6618 150
5729 169
5915 169
9589 199
9152 199
7458 199
8600 199
8597 199
8842 199
8744 199
8672 199
8017 199
8066 199
7927 199
7839 199
7835 199
7549 199
7781 199
7747 199
7749 199
7780 199
7204 199
6101 199
7016 199
7094 199
7091 199
7090 199
6776 199
6713 199
6795 199
6798 199
6794 199
6796 199
6671 199
6601 199
6429 199
6436 199
6437 199
6242 199
5937 199
5502 199
5880 199
5586 199
5734 199
5509 199
8839 200
8454 200
6585 200
5738 200
7836 214
6591 250
6211 250
9827 299
9536 299
9535 299
9465 299
7313 299
8873 299
8673 299
8587 299
8260 299
5968 299
8216 299
7503 299
8111 299
7988 299
7331 299
7495 299
7494 299
7254 299
6895 299
7222 299
7215 299
6868 299
6752 299
6532 299
6265 299
6267 299
6007 299
5882 299
6857 300
6071 300
8392 398
9825 399
9624 399
9537 399
8852 399
8914 399
7750 399
8349 399
7895 399
7606 399
7158 399
6888 399
6073 399
5899 399
5662 400
8793 450
7659 450
8244 499
6415 499
5731 499
7830 500
9792 500
9623 500
7985 500
8892 500
8648 500
5601 500
8795 500
8150 500
7398 500
7282 500
7850 500
7168 500
7607 500
7122 500
7132 500
7052 500
5885 500
5798 500
5739 500
6865 599
6036 600
6800 699
7357 699
6749 699
7093 699
6554 699
5897 699
5488 699
6342 700
8745 799
7498 799
9788 800
5664 800
7838 899
5978 899
9717 999
9138 999
8769 999
8078 999
5976 999
6233 999
9498 1000
9522 1000
8972 1000
6364 1000
8978 1000
6842 1000
8606 1000
7882 1000
7571 1000
7123 1000
6830 1000
6847 1000
6996 1000
6781 1000
6200 1000
5680 1000
6199 1000
5886 1000
5587 1000
7963 1088
6090 1088
6245 1099
8887 1200
8042 1200
8287 1200
7631 1200
7984 1200
6031 1200
5876 1200
5797 1280
5996 1288
7752 1299
8370 1400
9824 1500
9043 1500
7367 1500
7467 1500
5788 1500
5955 1500
5651 1500
5753 1580
9457 1599
6989 1599
8245 1799
7879 1799
6889 1799
8277 1800
5763 1888
6327 1999
7529 1999
7483 1999
7154 1999
7196 1999
6797 1999
6789 1999
6862 1999
6834 1999
6596 1999
6501 1999
6320 1999
6108 1999
6102 1999
6348 1999
6033 1999
5903 1999
8812 2000
7630 2023
6820 2150
8761 2199
9789 2200
8806 2200
8175 2200
8759 2200
5964 2399
7881 2599
7880 2888
6858 2888
8513 2988
5765 2988
9468 2999
7156 2999
6490 2999
6037 2999
9499 3000
8086 3000
8188 3000
7373 3000
7188 3000
6563 3000
5652 3000
8499 3999
7221 3999
6907 3999
6863 3999
6835 3999
6555 3999
6345 3999
7619 4000
7789 4000
6869 4000
7849 4000
6506 4000
6204 4000
6148 4000
8771 4088
8671 4088
8564 4099
7124 4888
6646 4888
5951 4888
5767 4888
5938 4999
9500 5000
9523 5000
8988 5000
8613 5000
8433 5000
8344 5000
8432 5000
7720 5000
6845 5000
7237 5000
7468 5000
6942 5000
6719 5000
8778 5500
6864 5999
6556 5999
7841 6000
8604 6000
8263 6000
7572 6000
5627 6000
5665 6000
9467 6599
9095 6999
8500 6999
8247 6999
7242 6999
6787 6999
6790 6999
7632 7000
7133 7000
6089 7000
8420 7999
8104 7999
7764 7999
7042 7999
6333 7999
7078 8000
9486 9000
8916 9699
6103 9888
7614 9999
7159 9999
6818 9999
6597 9999
6509 9999
5803 9999
6433 9999
8596 10000
8417 10000
6203 10000
6149 10000
7627 10999
6367 10999
8599 12000
8419 12000
8075 12000
6892 12000
6520 13999
9758 15000
8912 15000
8435 15000
8387 15000
7978 15000
7598 15000
8603 15000
7817 15000
7911 15000
5954 15000
9466 17000
8707 18000
8708 18000
8691 19999
8248 19999
7740 19999
9501 20000
9524 20000
9839 20000
9803 20000
7125 20000
6755 20000
6833 20000
6751 20000
5930 20000
7987 25999
7400 25999
7319 25999
7610 26999
6625 28888
7505 29999
6369 29999
8814 30000
8602 30000
8391 30000
8456 34000
8624 34000
7823 34000
8381 34500
7310 34999
7312 34999
6039 34999
6038 34999
8651 39999
8582 39999
9092 41999
7531 41999
9427 42999
9072 44999